22.2409
35.6857
40.1673
29.1456
42.3369
33.4496
48.7664
66.7522
77.7879
64.2863
126.0777
68.9804
71.096
84.3144
84.3144
97.5872
86.5312
77.7879
97.5872
90.9941
93.2817
84.3144
73.2815
80.0049
42.3369
64.0321
68.9804
42.3369
44.4551
68.9804
53.2361
42.4384
40.0024
37.8262
44.4551
42.3369
29.1456
24.3832
26.618
18.1955
13.309
24.3832
6.9503
11.1772
20.0012
18.1955
13.1918
26.618
15.749
18.1955
10.8211
18.1955
13.309
20.0012
18.1955
6.9503
2.7171
6.9503
6.9503
6.9503
6.9503
11.1772
6.9503
4.814
2.7171
6.6545
4.814
6.9503
2.7171
8.7343
4.814
0
2.7171
2.7171
4.953
2.7171
2.7171
8.9187
2.7171
2.7171
0
6.9503
0
2.4069
0
4.8139
2.407
2.7171
0
2.7171
4.8139
2.7171
2.7171
0
0
0
0
0
0
0
0
2.7171
4.8139
0
2.7171
0
0
0
0
0
0
2.7171
2.7171
0
2.7171
4.7754
