7.085
20.7141
20.7141
8.6151
23.2248
22.0735
20.7141
22.0735
28.1502
19.5643
29.2724
28.2464
41.7432
40.5673
40.5673
31.9607
23.3
29.3205
27.0282
22.0735
25.5704
19.6124
29.2965
19.5763
14.6422
14.6422
13.5623
12.0776
13.5381
6.114
9.8062
4.9031
10.9845
13.5381
4.9031
7.1602
3.7536
6.114
7.1602
2.4515
3.5425
2.346
8.5005
3.7009
4.8503
2.3029
0
9.8062
1.2258
3.7009
2.3293
1.1506
1.1506
3.5937
2.3136
4.9031
2.3557
0
2.3557
2.3557
2.3557
1.1778
0
4.9031
0
0
1.1778
2.3557
0
0
2.3557
0
1.1778
0
1.1778
1.1778
0
0
1.1778
1.1778
0
0
0
0
0
0
2.3136
1.1778
0
0
0
1.1778
0
0
1.1778
0
0
0
0
1.1778
0
0
0
0
0
0
0
1.1778
0
0
0
0
0
0
0
0
0
1.1778
0
0
