91.8611
22.0616
15.4723
15.3298
19.6519
18.8939
13.2697
13.2697
15.1608
13.2697
10.4971
14.2401
14.2401
16.1322
14.2401
19.2148
17.1537
23.1148
20.6915
20.0904
23.1148
24.8583
20.6915
28.2739
19.8694
25.866
23.394
28.0826
21.6394
26.2758
28.2739
24.1191
23.6232
24.1191
23.394
23.394
27.3568
18.5089
25.1855
22.6825
19.2148
26.2758
25.1855
26.0394
17.5272
24.4274
24.1191
20.9942
24.1191
20.6915
25.5824
18.2309
13.6173
19.8694
20.6915
20.3655
20.3655
19.8162
18.8303
15.0931
18.2309
18.8303
21.3871
18.5089
13.9534
14.7634
15.7887
12.5927
12.5927
15.0931
12.5927
13.9534
11.1639
14.2708
11.6357
11.0587
9.4152
10.1827
9.1154
11.498
12.6791
7.6736
6.9006
5.8179
7.2777
5.9412
7.9746
6.1628
3.0815
5.5294
5.5294
3.7142
5.0914
4.7076
4.2019
4.2019
4.2019
1.3958
4.2019
3.4503
2.9706
2.0062
4.4718
3.8368
1.3958
0
3.0814
1.3958
1.8571
2.7646
4.4718
1.7251
1.0031
2.1008
2.3538
0.8561
1.4853
0.6979
0.6979