86.8348
28.4802
17.5221
15.7775
11.0199
13.5343
17.365
13.5343
13.5343
23.6232
18.5089
21.1235
23.6232
22.3209
19.8162
20.9942
19.8162
23.6232
29.7757
23.6232
23.6232
34.739
24.8583
24.8583 
27.2345
39.7388
24.8583
22.3209
24.8583
24.8583
28.4802
22.3209
28.4802
30.9447
38.4297
30.9447
26.0394
30.9447
27.2345
37.2309
38.4297
27.2345
24.8583
29.7757
19.8162
32.2644
23.6232
22.3209
9.9081
20.9942
18.6155
20.9942
26.0394
14.8879
23.6232
18.5089
13.6173
13.6173
12.4291
14.7661
16.1322
19.8162
11.1605
8.5553
12.3741
11.1605
6.1494
7.383
9.9081
11.1605
4.7694
6.1494
4.7694
0
3.6915
6.1494
3.6915
6.1494
7.4439
1.2153
2.3847
2.3847
2.3847
1.2153
0
1.2153
4.954
1.1923
0
0
0
1.1923
2.2509
1.1254
0
1.1254
1.1254
1.1254
0
0
0
0
0
0
0
0
0
0
0
0
0
0
0
0
0
0
0
0
0
