82.2413
67.4433
78.4256
72.869
62.0119
70.5416
77.5671
57.3014
59.5973
76.7903
55.7115
77.5671
65.0543
71.2231
67.4433
68.2874
56.5602
65.8636
58.7357
61.2453
67.4433
66.7252
65.0543
51.9517
45.5607
57.3014
44.9322
51.7848
45.5607
41.7569
51.7848
40.0072
45.5607
41.7569
50.2215
43.2527
39.3491
24.569
25.1855
25.1855
29.2113
30.6227
27.6951
26.8762
23.6488
23.6488
15.3113
22.9584
16.6448
13.8475
22.4661
20.6915
13.2758
16.1341
14.6056
11.6358
13.8475
14.4205
13.1492
6.9238
10.6935
16.7855
12.4408
10.5635
7.6736
8.6101
10.1827
10.8931
4.5577
5.2166
7.6556
4.5577
6.2204
4.3052
3.8278
2.2359
3.9873
2.2789
3.9873
1.3958
2.2789
4.7076
1.7251
0
2.279
3.0814
0
1.7251
2.236
0.698
2.9707
0
1.5407
0.8561
2.279
0
0
0
0.8561
0
1.5407
0.8561
0.8561
0
0
0
0.8561
0.8561
0
0
0
0
0
0
0.8561
0
0
0
0